===== Round 0 (20 regions) =====

--- Regions (id: cells) ---
  Region  0: [(6,7), (6,8), (6,9), (6,10), (7,7), (7,8), (7,9), (7,10), (8,7), (8,8), (8,9), (8,10)]
  Region  1: [(9,13), (9,14), (9,15), (9,16), (10,12), (10,13), (10,14), (10,15), (10,16), (10,17), (10,18), (11,12), (11,13), (11,14), (11,15), (11,16), (11,17), (11,18)]
  Region  2: [(1,5), (1,6), (1,7), (1,8), (1,9), (1,10), (1,11), (2,5), (2,9), (2,10), (3,5), (3,9)]
  Region  3: [(2,11), (3,10), (3,11), (3,12), (4,10), (4,11), (4,12), (5,9), (5,10)]
  Region  4: [(10,6), (10,7), (10,8), (10,9), (10,10), (10,11), (11,5), (11,6), (11,7), (11,8), (11,9), (11,10), (11,11)]
  Region  5: [(2,17), (2,18), (2,19), (3,17), (3,18), (3,19), (4,18), (4,19), (5,19), (6,17), (6,18), (6,19), (7,19), (8,19), (9,18), (9,19), (10,19), (11,19)]
  Region  6: [(4,5), (4,6), (5,6), (6,6), (7,5), (7,6), (8,4), (8,5), (8,6), (9,4), (9,5), (9,6), (9,7)]
  Region  7: [(7,11), (8,11), (8,12), (8,13), (8,14), (9,8), (9,9), (9,10), (9,11), (9,12)]
  Region  8: [(0,5), (0,6), (0,7), (0,8), (0,9), (0,10), (0,11), (0,12), (0,13), (0,14)]
  Region  9: [(9,0), (9,1), (9,3), (10,0), (10,1), (10,2), (10,3), (10,4), (10,5), (11,0), (11,1), (11,2), (11,3), (11,4)]
  Region 10: [(7,0), (7,1), (7,3), (7,4), (8,0), (8,1), (8,2), (8,3), (9,2)]
  Region 11: [(1,1), (2,0), (2,1), (2,2), (3,0), (3,1), (3,2), (3,3), (4,0), (4,1), (4,2), (4,3), (4,4)]
  Region 12: [(0,15), (1,15), (2,15), (3,14), (3,15), (3,16), (4,14), (4,15), (4,16)]
  Region 13: [(5,0), (5,1), (5,2), (5,3), (5,4), (5,5), (6,0), (6,1), (6,2), (6,3), (6,4), (6,5), (7,2)]
  Region 14: [(0,16), (0,17), (0,18), (0,19), (1,16), (1,17), (1,18), (1,19), (2,16)]
  Region 15: [(4,17), (5,15), (5,16), (5,17), (5,18), (6,15), (6,16), (7,14), (7,15), (7,16), (7,17), (7,18), (8,15), (8,16), (8,17), (8,18), (9,17)]
  Region 16: [(2,6), (2,7), (2,8), (3,6), (3,7), (3,8), (4,7), (4,8), (4,9), (5,7), (5,8)]
  Region 17: [(0,0), (0,1), (0,2), (0,3), (0,4), (1,0), (1,2), (1,3), (1,4), (2,3), (2,4), (3,4)]
  Region 18: [(5,11), (5,12), (5,13), (5,14), (6,11), (6,12), (6,13), (6,14), (7,12), (7,13)]
  Region 19: [(1,12), (1,13), (1,14), (2,12), (2,13), (2,14), (3,13), (4,13)]

--- Adjacency ---
  Region  0: [3, 6, 7, 16, 18]
  Region  1: [4, 5, 7, 15]
  Region  2: [3, 6, 8, 16, 17, 19]
  Region  3: [0, 2, 16, 18, 19]
  Region  4: [1, 6, 7, 9]
  Region  5: [1, 12, 14, 15]
  Region  6: [0, 2, 4, 7, 9, 10, 11, 13, 16]
  Region  7: [0, 1, 4, 6, 15, 18]
  Region  8: [2, 12, 17, 19]
  Region  9: [4, 6, 10]
  Region 10: [6, 9, 13]
  Region 11: [6, 13, 17]
  Region 12: [5, 8, 14, 15, 18, 19]
  Region 13: [6, 10, 11]
  Region 14: [5, 12]
  Region 15: [1, 5, 7, 12, 18]
  Region 16: [0, 2, 3, 6]
  Region 17: [2, 8, 11]
  Region 18: [0, 3, 7, 12, 15, 19]
  Region 19: [2, 3, 8, 12, 18]


===== Round 1 (23 regions) =====

--- Regions (id: cells) ---
  Region  0: [(7,6), (7,7), (8,5), (8,6), (8,7), (9,5), (9,6), (9,7)]
  Region  1: [(0,0), (0,1), (0,2), (0,3), (0,4), (1,0), (1,1), (1,3), (2,0), (2,1)]
  Region  2: [(6,2), (6,3), (7,2), (7,3), (7,4), (7,5)]
  Region  3: [(1,9), (2,9), (3,9), (3,10), (4,9), (4,10), (4,11), (5,8), (5,9), (5,10), (5,11), (6,7), (6,8)]
  Region  4: [(3,0), (3,1), (3,2), (4,0), (4,1), (4,2), (5,1), (5,2), (6,1)]
  Region  5: [(8,8), (8,9), (9,8), (9,9), (10,8), (10,9), (10,10), (11,7), (11,8), (11,9), (11,10), (11,11)]
  Region  6: [(10,4), (10,5), (10,6), (10,7), (11,4), (11,5), (11,6)]
  Region  7: [(2,12), (2,13), (3,11), (3,12), (3,13), (3,14), (3,15), (4,12), (4,13), (4,14), (4,15), (4,16), (5,13)]
  Region  8: [(2,7), (2,8), (3,7), (3,8), (4,7), (4,8), (5,6), (5,7), (6,4), (6,5), (6,6)]
  Region  9: [(1,15), (1,16), (1,17), (2,15), (2,16), (2,17), (3,16), (3,17), (4,17), (5,16), (5,17)]
  Region 10: [(2,19), (3,18), (3,19), (4,18), (4,19), (5,18), (5,19), (6,17), (6,18), (6,19), (7,17), (7,18), (7,19), (8,19), (9,18), (9,19)]
  Region 11: [(0,5), (0,6), (0,7), (0,8), (0,9), (0,10), (1,4), (1,5), (1,6), (1,7), (1,8), (2,5), (2,6)]
  Region 12: [(0,11), (0,12), (0,13), (0,14), (1,10), (1,11), (1,12), (1,13), (1,14), (2,10), (2,11), (2,14)]
  Region 13: [(8,16), (8,17), (8,18), (9,15), (9,16), (9,17), (10,15), (10,16), (10,17), (10,18), (10,19), (11,14), (11,15), (11,16), (11,17), (11,18), (11,19)]
  Region 14: [(0,15), (0,16), (0,17), (0,18), (0,19), (1,18), (1,19), (2,18)]
  Region 15: [(9,1), (10,0), (10,1), (10,2), (10,3), (11,0), (11,1), (11,2), (11,3)]
  Region 16: [(1,2), (2,2), (2,3), (2,4), (3,4), (3,5), (3,6), (4,5), (4,6)]
  Region 17: [(6,9), (6,10), (6,11), (7,8), (7,9), (7,10), (7,11), (8,10), (9,10), (9,11), (10,11)]
  Region 18: [(3,3), (4,3), (4,4), (5,3), (5,4), (5,5)]
  Region 19: [(5,12), (5,14), (5,15), (6,12), (6,13), (6,14), (6,15), (6,16), (7,12), (7,13), (7,14), (7,15), (7,16)]
  Region 20: [(8,3), (8,4), (9,3), (9,4)]
  Region 21: [(5,0), (6,0), (7,0), (7,1), (8,0), (8,1), (8,2), (9,0), (9,2)]
  Region 22: [(8,11), (8,12), (8,13), (8,14), (8,15), (9,12), (9,13), (9,14), (10,12), (10,13), (10,14), (11,12), (11,13)]

--- Adjacency ---
  Region  0: [2, 3, 5, 6, 8, 17, 20]
  Region  1: [4, 11, 16]
  Region  2: [0, 4, 8, 18, 20, 21]
  Region  3: [0, 7, 8, 11, 12, 17, 19]
  Region  4: [1, 2, 16, 18, 21]
  Region  5: [0, 6, 17, 22]
  Region  6: [0, 5, 15, 20]
  Region  7: [3, 9, 12, 19]
  Region  8: [0, 2, 3, 11, 16, 18]
  Region  9: [7, 10, 12, 14, 19]
  Region 10: [9, 13, 14, 19]
  Region 11: [1, 3, 8, 12, 16]
  Region 12: [3, 7, 9, 11, 14]
  Region 13: [10, 19, 22]
  Region 14: [9, 10, 12]
  Region 15: [6, 20, 21]
  Region 16: [1, 4, 8, 11, 18]
  Region 17: [0, 3, 5, 19, 22]
  Region 18: [2, 4, 8, 16]
  Region 19: [3, 7, 9, 10, 13, 17, 22]
  Region 20: [0, 2, 6, 15, 21]
  Region 21: [2, 4, 15, 20]
  Region 22: [5, 13, 17, 19]


===== Round 2 (26 regions) =====

--- Regions (id: cells) ---
  Region  0: [(10,7), (10,8), (11,6), (11,7)]
  Region  1: [(9,12), (10,12), (10,13), (11,8), (11,9), (11,10), (11,11), (11,12), (11,13), (11,14)]
  Region  2: [(6,4), (7,2), (7,3), (7,4), (7,5), (8,2), (8,3), (8,4), (8,5)]
  Region  3: [(1,16), (2,16), (3,16), (4,16), (4,17), (5,15), (5,16), (5,17), (6,16), (6,17), (6,18), (6,19), (7,17)]
  Region  4: [(0,15), (0,16), (0,17), (0,18), (0,19), (1,15), (2,13), (2,14), (2,15), (3,12), (3,13), (3,14), (3,15)]
  Region  5: [(0,11), (0,12), (0,13), (0,14), (1,11), (1,12), (1,13), (1,14), (2,10), (2,11), (2,12), (3,11)]
  Region  6: [(7,6), (8,6), (9,2), (9,3), (9,4), (9,5), (9,6), (10,5), (10,6)]
  Region  7: [(0,0), (0,1), (0,2), (0,3), (1,0), (1,1), (1,2), (1,3)]
  Region  8: [(0,8), (0,9), (0,10), (1,6), (1,7), (1,8), (1,9), (1,10), (2,8), (2,9)]
  Region  9: [(7,18), (7,19), (8,17), (8,18), (8,19), (9,17), (9,18), (9,19), (10,18), (10,19), (11,17), (11,18), (11,19)]
  Region 10: [(5,14), (6,13), (6,14), (6,15), (7,13), (7,15), (7,16), (8,15), (8,16), (9,15), (9,16), (10,16), (10,17)]
  Region 11: [(0,4), (0,5), (0,6), (0,7), (1,4), (1,5), (2,4), (3,4)]
  Region 12: [(10,2), (10,3), (10,4), (11,0), (11,1), (11,2), (11,3), (11,4), (11,5)]
  Region 13: [(4,9), (5,8), (5,9), (5,10), (6,8), (6,9), (7,8), (7,9)]
  Region 14: [(5,11), (5,12), (6,10), (6,11), (6,12), (7,10)]
  Region 15: [(7,12), (7,14), (8,12), (8,13), (8,14), (9,13), (9,14), (10,14), (10,15), (11,15), (11,16)]
  Region 16: [(6,0), (6,1), (7,0), (7,1), (8,0), (8,1), (9,0), (9,1), (10,0), (10,1)]
  Region 17: [(2,7), (3,7), (3,8), (3,9), (4,7), (4,8), (5,6), (5,7)]
  Region 18: [(9,9), (9,10), (9,11), (10,9), (10,10), (10,11)]
  Region 19: [(5,4), (5,5), (6,5), (6,6), (6,7), (7,7), (8,7), (9,7)]
  Region 20: [(3,10), (4,10), (4,11), (4,12), (4,13), (4,14), (4,15), (5,13)]
  Region 21: [(7,11), (8,8), (8,9), (8,10), (8,11), (9,8)]
  Region 22: [(1,17), (1,18), (1,19), (2,17), (2,18), (2,19), (3,17), (3,18), (3,19), (4,18), (4,19), (5,18), (5,19)]
  Region 23: [(2,0), (2,1), (2,2), (2,3), (3,2), (3,3), (4,3), (5,3), (6,3)]
  Region 24: [(3,0), (3,1), (4,0), (4,1), (4,2), (5,0), (5,1), (5,2), (6,2)]
  Region 25: [(2,5), (2,6), (3,5), (3,6), (4,4), (4,5), (4,6)]

--- Adjacency ---
  Region  0: [1, 6, 12, 18, 19, 21]
  Region  1: [0, 15, 18]
  Region  2: [6, 16, 19, 23, 24]
  Region  3: [4, 9, 10, 20, 22]
  Region  4: [3, 5, 20, 22]
  Region  5: [4, 8, 20]
  Region  6: [0, 2, 12, 16, 19]
  Region  7: [11, 23]
  Region  8: [5, 11, 17, 25]
  Region  9: [3, 10, 15]
  Region 10: [3, 9, 14, 15, 20]
  Region 11: [7, 8, 23, 25]
  Region 12: [0, 6, 16]
  Region 13: [14, 17, 19, 20, 21]
  Region 14: [10, 13, 15, 20, 21]
  Region 15: [1, 9, 10, 14, 21]
  Region 16: [2, 6, 12, 24]
  Region 17: [8, 13, 19, 20, 25]
  Region 18: [0, 1, 21]
  Region 19: [0, 2, 6, 13, 17, 21, 23, 25]
  Region 20: [3, 4, 5, 10, 13, 14, 17]
  Region 21: [0, 13, 14, 15, 18, 19]
  Region 22: [3, 4]
  Region 23: [2, 7, 11, 19, 24, 25]
  Region 24: [2, 16, 23]
  Region 25: [8, 11, 17, 19, 23]


===== Round 3 (28 regions) =====

--- Regions (id: cells) ---
  Region  0: [(3,16), (3,17), (3,18), (3,19), (4,16), (4,17), (4,18), (4,19), (5,17), (6,17)]
  Region  1: [(0,12), (0,13), (1,12), (1,13), (2,13), (3,11), (3,12), (3,13), (3,14), (4,14)]
  Region  2: [(11,4), (11,5), (11,6), (11,7), (11,8), (11,9), (11,10), (11,11)]
  Region  3: [(5,18), (5,19), (6,18), (6,19), (7,18), (7,19), (8,18), (8,19), (9,18)]
  Region  4: [(7,11), (7,12), (8,10), (8,11), (8,12), (9,10), (10,10), (10,11)]
  Region  5: [(0,0), (0,1), (0,2), (1,0), (1,2), (2,2)]
  Region  6: [(5,4), (5,5), (5,6), (6,4), (6,5), (6,6), (7,4), (7,5), (7,6)]
  Region  7: [(9,5), (9,6), (9,7), (10,5), (10,6), (10,7)]
  Region  8: [(1,7), (1,8), (1,9), (2,7), (2,8), (3,7), (3,8), (4,7), (4,8), (4,9)]
  Region  9: [(6,16), (7,16), (7,17), (8,16), (8,17), (9,15), (9,16), (10,14), (10,15), (11,14), (11,15)]
  Region 10: [(5,0), (6,0), (7,0), (7,1), (7,2), (8,0), (8,1), (9,0), (10,0)]
  Region 11: [(7,9), (8,9), (9,8), (9,9), (10,8), (10,9)]
  Region 12: [(4,10), (4,11), (4,12), (4,13), (4,15), (5,12), (5,13), (5,14), (5,15), (5,16)]
  Region 13: [(5,8), (5,9), (5,10), (5,11), (6,8), (6,9), (6,10), (6,11), (7,10)]
  Region 14: [(0,6), (0,7), (0,8), (0,9), (1,5), (1,6), (2,5), (2,6), (3,5), (3,6)]
  Region 15: [(0,14), (0,15), (0,16), (1,14), (1,15), (1,16), (2,14), (2,15), (2,16), (3,15)]
  Region 16: [(6,12), (6,13), (6,14), (6,15), (7,13), (7,14), (7,15)]
  Region 17: [(9,17), (9,19), (10,16), (10,17), (10,18), (10,19), (11,16), (11,17), (11,18), (11,19)]
  Region 18: [(7,3), (8,2), (8,3), (9,2), (9,3), (9,4), (10,4)]
  Region 19: [(3,2), (3,3), (3,4), (4,3), (4,4), (4,5), (4,6)]
  Region 20: [(1,1), (2,0), (2,1), (3,0), (3,1), (4,0), (4,1)]
  Region 21: [(0,17), (0,18), (0,19), (1,17), (1,18), (1,19), (2,17), (2,18), (2,19)]
  Region 22: [(0,10), (0,11), (1,10), (1,11), (2,9), (2,10), (2,11), (2,12), (3,9), (3,10)]
  Region 23: [(4,2), (5,1), (5,2), (5,3), (6,1), (6,2), (6,3)]
  Region 24: [(9,1), (10,1), (10,2), (10,3), (11,0), (11,1), (11,2), (11,3)]
  Region 25: [(0,3), (0,4), (0,5), (1,3), (1,4), (2,3), (2,4)]
  Region 26: [(5,7), (6,7), (7,7), (7,8), (8,4), (8,5), (8,6), (8,7), (8,8)]
  Region 27: [(8,13), (8,14), (8,15), (9,11), (9,12), (9,13), (9,14), (10,12), (10,13), (11,12), (11,13)]

--- Adjacency ---
  Region  0: [3, 9, 12, 15, 21]
  Region  1: [12, 15, 22]
  Region  2: [4, 7, 11, 18, 24, 27]
  Region  3: [0, 9, 17]
  Region  4: [2, 11, 13, 16, 27]
  Region  5: [19, 20, 25]
  Region  6: [18, 19, 23, 26]
  Region  7: [2, 11, 18, 26]
  Region  8: [12, 13, 14, 19, 22, 26]
  Region  9: [0, 3, 12, 16, 17, 27]
  Region 10: [18, 20, 23, 24]
  Region 11: [2, 4, 7, 13, 26]
  Region 12: [0, 1, 8, 9, 13, 15, 16, 22]
  Region 13: [4, 8, 11, 12, 16, 26]
  Region 14: [8, 19, 22, 25]
  Region 15: [0, 1, 12, 21]
  Region 16: [4, 9, 12, 13, 27]
  Region 17: [3, 9]
  Region 18: [2, 6, 7, 10, 23, 24, 26]
  Region 19: [5, 6, 8, 14, 20, 23, 25]
  Region 20: [5, 10, 19, 23]
  Region 21: [0, 15]
  Region 22: [1, 8, 12, 14]
  Region 23: [6, 10, 18, 19, 20]
  Region 24: [2, 10, 18]
  Region 25: [5, 14, 19]
  Region 26: [6, 7, 8, 11, 13, 18]
  Region 27: [2, 4, 9, 16]


===== Round 4 (31 regions) =====

--- Regions (id: cells) ---
  Region  0: [(8,10), (9,9), (9,10), (9,11), (9,12), (10,9), (10,10), (10,11), (10,12), (10,13), (11,9), (11,10), (11,11), (11,12), (11,13)]
  Region  1: [(4,18), (4,19), (5,18), (5,19), (6,18), (6,19), (7,18), (7,19), (8,18), (8,19), (9,18), (9,19), (10,18), (10,19), (11,18), (11,19)]
  Region  2: [(0,4), (0,5), (0,6), (0,7), (0,8), (0,9)]
  Region  3: [(9,7), (9,8), (10,6), (10,7), (10,8), (11,6), (11,7), (11,8)]
  Region  4: [(2,6), (3,6), (3,7), (4,6), (4,7), (4,8), (5,7), (5,8), (6,7)]
  Region  5: [(2,10), (2,11), (2,12), (3,11)]
  Region  6: [(0,11), (0,12), (0,13), (1,11), (1,12)]
  Region  7: [(6,4), (6,5), (6,6), (7,4), (7,5), (8,4), (8,5), (9,4), (9,5)]
  Region  8: [(4,16), (5,16), (5,17), (6,15), (6,16), (6,17), (7,16), (7,17), (8,16), (8,17), (9,17), (10,17), (11,16), (11,17)]
  Region  9: [(0,14), (0,15), (0,16), (1,16), (2,16), (3,16)]
  Region 10: [(2,0), (2,1)]
  Region 11: [(0,10), (1,6), (1,7), (1,8), (1,9), (1,10)]
  Region 12: [(4,3), (4,4), (4,5), (5,3), (5,4), (5,5), (5,6), (6,3), (7,3)]
  Region 13: [(3,14), (3,15), (4,14), (4,15), (5,13), (5,14), (5,15)]
  Region 14: [(5,0), (5,1), (5,2), (6,0), (6,1), (6,2), (7,0), (8,0), (9,0), (10,0), (11,0)]
  Region 15: [(7,1), (7,2), (8,1), (8,2), (8,3), (9,1), (9,2), (9,3)]
  Region 16: [(0,17), (0,18), (0,19), (1,17), (1,18), (1,19), (2,19)]
  Region 17: [(5,9), (5,10), (5,11), (6,9), (6,10), (6,11), (7,9), (8,9)]
  Region 18: [(6,12), (6,13), (7,10), (7,11), (7,12), (7,13), (8,11), (8,12)]
  Region 19: [(10,1), (10,2), (10,3), (10,4), (10,5), (11,1), (11,2), (11,3), (11,4), (11,5)]
  Region 20: [(3,0), (3,1), (4,0), (4,1), (4,2)]
  Region 21: [(2,7), (2,8), (2,9), (3,8), (3,9)]
  Region 22: [(6,8), (7,6), (7,7), (7,8), (8,6), (8,7), (8,8), (9,6)]
  Region 23: [(2,17), (2,18), (3,17), (3,18), (3,19), (4,17)]
  Region 24: [(1,14), (1,15), (2,14), (2,15)]
  Region 25: [(0,0), (0,1), (0,2), (0,3), (1,0), (1,1)]
  Region 26: [(2,3), (2,4), (2,5), (3,3), (3,4), (3,5)]
  Region 27: [(1,13), (2,13), (3,12), (3,13), (4,12), (4,13), (5,12)]
  Region 28: [(6,14), (7,14), (7,15), (8,13), (8,14), (8,15), (9,13), (9,14), (9,15), (9,16), (10,14), (10,15), (10,16), (11,14), (11,15)]
  Region 29: [(3,10), (4,9), (4,10), (4,11)]
  Region 30: [(1,2), (1,3), (1,4), (1,5), (2,2), (3,2)]

--- Adjacency ---
  Region  0: [3, 17, 18, 28]
  Region  1: [8, 23]
  Region  2: [11, 25, 30]
  Region  3: [0, 19, 22]
  Region  4: [7, 11, 12, 17, 21, 22, 26, 29]
  Region  5: [6, 11, 21, 27, 29]
  Region  6: [5, 9, 11, 27]
  Region  7: [4, 12, 15, 19, 22]
  Region  8: [1, 9, 13, 23, 28]
  Region  9: [6, 8, 13, 16, 23, 24]
  Region 10: [20, 25, 30]
  Region 11: [2, 4, 5, 6, 21, 30]
  Region 12: [4, 7, 14, 15, 20, 26]
  Region 13: [8, 9, 18, 24, 27, 28]
  Region 14: [12, 15, 19, 20]
  Region 15: [7, 12, 14, 19]
  Region 16: [9, 23]
  Region 17: [0, 4, 18, 22, 27, 29]
  Region 18: [0, 13, 17, 27, 28]
  Region 19: [3, 7, 14, 15]
  Region 20: [10, 12, 14, 30]
  Region 21: [4, 5, 11, 29]
  Region 22: [3, 4, 7, 17]
  Region 23: [1, 8, 9, 16]
  Region 24: [9, 13, 27]
  Region 25: [2, 10, 30]
  Region 26: [4, 12, 30]
  Region 27: [5, 6, 13, 17, 18, 24, 29]
  Region 28: [0, 8, 13, 18]
  Region 29: [4, 5, 17, 21, 27]
  Region 30: [2, 10, 11, 20, 25, 26]


===== Round 5 (34 regions) =====

--- Regions (id: cells) ---
  Region  0: [(7,17), (7,18), (7,19), (8,18), (8,19), (9,18), (9,19)]
  Region  1: [(5,11), (5,12), (5,13), (6,11), (6,12), (6,13), (7,12)]
  Region  2: [(1,14), (1,15), (1,16), (2,12), (2,13), (2,14), (2,15)]
  Region  3: [(2,9), (2,10), (2,11), (3,9), (3,10), (3,11), (3,12)]
  Region  4: [(4,4), (5,4), (6,3), (6,4), (6,5), (7,4), (7,5), (7,6), (8,6)]
  Region  5: [(10,18), (10,19), (11,17), (11,18), (11,19)]
  Region  6: [(5,6), (5,7), (5,8), (5,9), (6,6), (6,7), (6,8), (7,8), (7,9)]
  Region  7: [(9,9), (10,9), (11,6), (11,7), (11,8), (11,9)]
  Region  8: [(9,15), (10,13), (10,14), (10,15), (11,13), (11,14), (11,15), (11,16)]
  Region  9: [(0,18), (0,19), (1,17), (1,18), (1,19), (2,16), (2,17), (2,18), (3,16)]
  Region 10: [(9,0), (10,0), (10,3), (10,4), (11,0), (11,1), (11,2), (11,3), (11,4)]
  Region 11: [(5,14), (5,15), (6,14), (6,15), (7,13), (7,14), (7,15)]
  Region 12: [(3,13), (3,14), (3,15), (4,12), (4,13), (4,14), (4,15)]
  Region 13: [(2,19), (3,19), (4,18), (4,19), (5,19), (6,19)]
  Region 14: [(3,1), (3,2), (3,3), (3,4), (3,5), (4,1), (4,2), (4,3), (5,3)]
  Region 15: [(0,0), (0,1), (1,0), (2,0), (3,0), (4,0), (5,0), (5,1), (5,2), (6,0)]
  Region 16: [(2,8), (3,8), (4,8), (4,9), (4,10), (4,11), (5,10)]
  Region 17: [(6,9), (6,10), (7,10), (7,11), (8,10), (8,11), (8,12), (9,11)]
  Region 18: [(1,1), (1,2), (2,1), (2,2), (2,3), (2,4)]
  Region 19: [(9,10), (9,12), (10,10), (10,11), (10,12), (11,10), (11,11), (11,12)]
  Region 20: [(3,17), (3,18), (4,16), (4,17)]
  Region 21: [(6,1), (6,2), (7,0), (7,1), (7,2), (8,0), (8,1), (8,2), (9,1)]
  Region 22: [(0,5), (0,6), (0,7), (0,8), (1,5), (1,6), (1,7), (2,5)]
  Region 23: [(7,3), (8,3), (8,4), (9,2), (9,3), (9,4), (10,1), (10,2)]
  Region 24: [(7,7), (8,7), (8,8), (8,9), (9,8), (10,8)]
  Region 25: [(9,6), (9,7), (10,6), (10,7)]
  Region 26: [(7,16), (8,13), (8,14), (8,15), (8,16), (8,17), (9,13), (9,14)]
  Region 27: [(0,9), (0,10), (0,11), (1,8), (1,9), (1,10), (1,11)]
  Region 28: [(0,2), (0,3), (0,4), (1,3), (1,4)]
  Region 29: [(0,12), (0,13), (0,14), (0,15), (0,16), (0,17), (1,12), (1,13)]
  Region 30: [(5,16), (5,17), (5,18), (6,16), (6,17), (6,18)]
  Region 31: [(2,6), (2,7), (3,6), (3,7), (4,5), (4,6), (4,7), (5,5)]
  Region 32: [(9,16), (9,17), (10,16), (10,17)]
  Region 33: [(8,5), (9,5), (10,5), (11,5)]

--- Adjacency ---
  Region  0: [5, 13, 26, 30, 32]
  Region  1: [11, 12, 16, 17]
  Region  2: [3, 9, 12, 29]
  Region  3: [2, 12, 16, 27]
  Region  4: [6, 14, 21, 23, 24, 25, 31, 33]
  Region  5: [0, 8, 32]
  Region  6: [4, 16, 17, 24, 31]
  Region  7: [19, 24, 25, 33]
  Region  8: [5, 19, 26, 32]
  Region  9: [2, 12, 13, 20, 29]
  Region 10: [21, 23, 33]
  Region 11: [1, 12, 26, 30]
  Region 12: [1, 2, 3, 9, 11, 16, 20]
  Region 13: [0, 9, 20, 30]
  Region 14: [4, 15, 18, 22, 31]
  Region 15: [14, 18, 21, 28]
  Region 16: [1, 3, 6, 12, 17, 27, 31]
  Region 17: [1, 6, 16, 19, 24, 26]
  Region 18: [14, 15, 22, 28]
  Region 19: [7, 8, 17, 26]
  Region 20: [9, 12, 13, 30]
  Region 21: [4, 10, 15, 23]
  Region 22: [14, 18, 27, 28, 31]
  Region 23: [4, 10, 21, 33]
  Region 24: [4, 6, 7, 17, 25]
  Region 25: [4, 7, 24, 33]
  Region 26: [0, 8, 11, 17, 19, 30, 32]
  Region 27: [3, 16, 22, 29]
  Region 28: [15, 18, 22]
  Region 29: [2, 9, 27]
  Region 30: [0, 11, 13, 20, 26]
  Region 31: [4, 6, 14, 16, 22]
  Region 32: [0, 5, 8, 26]
  Region 33: [4, 7, 10, 23, 25]


===== Round 6 (37 regions) =====

--- Regions (id: cells) ---
  Region  0: [(0,9), (0,10), (1,9), (1,10), (1,11), (2,10), (3,10)]
  Region  1: [(0,15), (0,16), (0,17), (0,18), (1,16)]
  Region  2: [(7,14), (8,14), (8,15), (9,14), (10,14), (11,14)]
  Region  3: [(5,13), (5,14), (5,15), (6,11), (6,12), (6,13), (6,14), (7,12), (7,13)]
  Region  4: [(9,17), (9,18), (10,17), (11,15), (11,16), (11,17)]
  Region  5: [(7,2), (7,3), (7,4), (8,1), (8,2), (8,3)]
  Region  6: [(1,6), (1,7), (2,5), (2,6), (2,7), (2,8), (3,6), (3,7)]
  Region  7: [(5,16), (5,17), (5,18), (5,19), (6,18), (6,19)]
  Region  8: [(7,11), (8,10), (8,11), (8,12), (8,13), (9,12), (9,13), (10,13), (11,13)]
  Region  9: [(2,4), (3,3), (3,4), (4,3), (5,3), (5,4), (6,3), (6,4)]
  Region 10: [(6,0), (6,1), (7,0), (7,1), (8,0)]
  Region 11: [(1,15), (2,15), (2,16), (3,15), (3,16), (4,15)]
  Region 12: [(0,11), (0,12), (0,13), (0,14), (1,14)]
  Region 13: [(8,4), (9,4), (9,5), (10,3), (10,4), (10,5), (10,6), (11,2), (11,3), (11,4), (11,5), (11,6)]
  Region 14: [(2,0), (3,0), (4,0), (5,0)]
  Region 15: [(6,5), (7,5), (7,6), (8,5), (8,6), (8,7), (9,6), (9,7), (10,7)]
  Region 16: [(6,15), (6,16), (6,17), (7,15), (7,16), (7,17)]
  Region 17: [(0,3), (0,4), (1,1), (1,2), (1,3), (2,1), (2,3)]
  Region 18: [(0,19), (1,17), (1,18), (1,19), (2,17), (2,18), (2,19)]
  Region 19: [(2,2), (3,1), (3,2), (4,1), (4,2)]
  Region 20: [(5,1), (5,2), (6,2)]
  Region 21: [(3,17), (3,18), (3,19), (4,16), (4,17), (4,18), (4,19)]
  Region 22: [(3,5), (4,4), (4,5), (4,6), (5,5), (5,6), (6,6)]
  Region 23: [(10,18), (10,19), (11,18), (11,19)]
  Region 24: [(8,8), (8,9), (9,8), (9,9), (9,10), (10,8), (10,9), (10,10)]
  Region 25: [(2,11), (3,11), (3,12), (3,13), (4,12)]
  Region 26: [(1,12), (1,13), (2,12), (2,13)]
  Region 27: [(2,14), (3,14), (4,13), (4,14)]
  Region 28: [(4,10), (4,11), (5,9), (5,10), (5,11), (5,12), (6,10), (7,10)]
  Region 29: [(9,0), (9,1), (9,2), (9,3), (10,0), (10,1), (10,2), (11,0), (11,1)]
  Region 30: [(4,7), (5,7), (6,7), (6,8), (6,9), (7,7), (7,8), (7,9)]
  Region 31: [(0,0), (0,1), (0,2), (1,0)]
  Region 32: [(9,11), (10,11), (10,12), (11,7), (11,8), (11,9), (11,10), (11,11), (11,12)]
  Region 33: [(8,16), (8,17), (9,15), (9,16), (10,15), (10,16)]
  Region 34: [(0,5), (0,6), (0,7), (0,8), (1,4), (1,5), (1,8)]
  Region 35: [(2,9), (3,8), (3,9), (4,8), (4,9), (5,8)]
  Region 36: [(7,18), (7,19), (8,18), (8,19), (9,19)]

--- Adjacency ---
  Region  0: [12, 25, 26, 28, 34, 35]
  Region  1: [11, 12, 18]
  Region  2: [3, 4, 8, 16, 33]
  Region  3: [2, 7, 8, 11, 16, 27, 28]
  Region  4: [2, 23, 33, 36]
  Region  5: [9, 10, 13, 15, 20, 29]
  Region  6: [9, 22, 30, 34, 35]
  Region  7: [3, 16, 21, 36]
  Region  8: [2, 3, 24, 28, 32]
  Region  9: [5, 6, 15, 17, 19, 20, 22, 34]
  Region 10: [5, 14, 20, 29]
  Region 11: [1, 3, 12, 18, 21, 27]
  Region 12: [0, 1, 11, 26, 27]
  Region 13: [5, 15, 29, 32]
  Region 14: [10, 17, 19, 20, 31]
  Region 15: [5, 9, 13, 22, 24, 30, 32]
  Region 16: [2, 3, 7, 33, 36]
  Region 17: [9, 14, 19, 31, 34]
  Region 18: [1, 11, 21]
  Region 19: [9, 14, 17, 20]
  Region 20: [5, 9, 10, 14, 19]
  Region 21: [7, 11, 18]
  Region 22: [6, 9, 15, 30]
  Region 23: [4, 36]
  Region 24: [8, 15, 30, 32]
  Region 25: [0, 26, 27, 28]
  Region 26: [0, 12, 25, 27]
  Region 27: [3, 11, 12, 25, 26]
  Region 28: [0, 3, 8, 25, 30, 35]
  Region 29: [5, 10, 13]
  Region 30: [6, 15, 22, 24, 28, 35]
  Region 31: [14, 17]
  Region 32: [8, 13, 15, 24]
  Region 33: [2, 4, 16, 36]
  Region 34: [0, 6, 9, 17]
  Region 35: [0, 6, 28, 30]
  Region 36: [4, 7, 16, 23, 33]


===== Round 7 (39 regions) =====

--- Regions (id: cells) ---
  Region  0: [(11,15), (11,16), (11,17), (11,18)]
  Region  1: [(10,5), (10,6), (11,3), (11,4), (11,5), (11,6), (11,7)]
  Region  2: [(6,6), (7,6), (7,7), (8,6), (8,7)]
  Region  3: [(3,10), (4,9), (4,10), (5,9), (5,10)]
  Region  4: [(7,17), (8,15), (8,16), (8,17), (8,18), (9,16), (9,18)]
  Region  5: [(0,16), (0,17), (0,18), (0,19), (1,17), (1,18), (1,19), (2,19)]
  Region  6: [(7,18), (7,19), (8,19)]
  Region  7: [(5,8), (6,7), (6,8), (7,8)]
  Region  8: [(10,11), (10,12), (11,10), (11,11)]
  Region  9: [(2,16), (2,17), (2,18), (3,16), (3,18), (3,19), (4,18)]
  Region 10: [(9,19), (10,19), (11,19)]
  Region 11: [(2,7), (2,8), (2,9), (3,7), (3,8), (3,9)]
  Region 12: [(4,14), (4,15), (5,15), (5,16), (6,15), (6,16), (7,15), (7,16)]
  Region 13: [(4,0), (4,1), (5,0), (5,1), (5,2)]
  Region 14: [(7,11), (8,9), (8,10), (8,11), (8,12), (8,13)]
  Region 15: [(3,17), (4,16), (4,17), (5,17), (5,18), (6,17)]
  Region 16: [(7,3), (7,4), (7,5), (8,3), (8,4), (8,5)]
  Region 17: [(8,8), (9,6), (9,7), (9,8), (9,9), (10,7)]
  Region 18: [(0,12), (0,13), (0,14), (1,12), (1,13), (1,14), (2,12), (2,13)]
  Region 19: [(7,0), (8,0), (8,1), (9,0), (10,0), (11,0), (11,1)]
  Region 20: [(9,15), (9,17), (10,15), (10,16), (10,17), (10,18)]
  Region 21: [(0,11), (1,11), (2,10), (2,11), (3,11), (3,12), (3,13)]
  Region 22: [(10,8), (10,9), (10,10), (11,8), (11,9)]
  Region 23: [(8,2), (9,1), (9,2), (10,1), (10,2), (11,2)]
  Region 24: [(6,0), (6,1), (6,2), (6,3), (7,1), (7,2)]
  Region 25: [(10,13), (10,14), (11,12), (11,13), (11,14)]
  Region 26: [(0,0), (0,1), (1,0), (1,1), (2,0), (2,1), (2,2), (3,0), (3,1), (3,2), (3,3)]
  Region 27: [(1,5), (2,5), (3,5), (4,5), (5,5), (5,6), (6,4), (6,5)]
  Region 28: [(6,9), (6,10), (7,9), (7,10)]
  Region 29: [(4,19), (5,19), (6,18), (6,19)]
  Region 30: [(0,15), (1,15), (1,16), (2,14), (2,15), (3,14), (3,15)]
  Region 31: [(0,8), (0,9), (0,10), (1,8), (1,9), (1,10)]
  Region 32: [(0,2), (0,3), (0,4), (0,5), (0,6), (0,7), (1,2), (1,3), (1,4), (1,7)]
  Region 33: [(2,3), (2,4), (3,4), (4,2), (4,3), (4,4), (5,3), (5,4)]
  Region 34: [(1,6), (2,6), (3,6), (4,6), (4,7), (4,8), (5,7)]
  Region 35: [(4,11), (4,12), (4,13), (5,11), (5,12), (6,11), (6,12)]
  Region 36: [(5,13), (5,14), (6,13), (6,14), (7,12), (7,13), (7,14), (8,14)]
  Region 37: [(9,10), (9,11), (9,12), (9,13), (9,14)]
  Region 38: [(9,3), (9,4), (9,5), (10,3), (10,4)]

--- Adjacency ---
  Region  0: [10, 20, 25]
  Region  1: [17, 22, 23, 38]
  Region  2: [7, 16, 17, 27]
  Region  3: [7, 11, 21, 28, 34, 35]
  Region  4: [6, 10, 12, 15, 20, 36]
  Region  5: [9, 30]
  Region  6: [4, 10, 29]
  Region  7: [2, 3, 17, 28, 34]
  Region  8: [22, 25, 37]
  Region  9: [5, 15, 29, 30]
  Region 10: [0, 4, 6, 20]
  Region 11: [3, 21, 31, 32, 34]
  Region 12: [4, 15, 30, 35, 36]
  Region 13: [24, 26, 33]
  Region 14: [17, 28, 35, 36, 37]
  Region 15: [4, 9, 12, 29]
  Region 16: [2, 23, 24, 27, 38]
  Region 17: [1, 2, 7, 14, 22, 37, 38]
  Region 18: [21, 30]
  Region 19: [23, 24]
  Region 20: [0, 4, 10, 25, 37]
  Region 21: [3, 11, 18, 30, 31, 35]
  Region 22: [1, 8, 17, 37]
  Region 23: [1, 16, 19, 24, 38]
  Region 24: [13, 16, 19, 23, 27, 33]
  Region 25: [0, 8, 20, 37]
  Region 26: [13, 32, 33]
  Region 27: [2, 16, 24, 32, 33, 34]
  Region 28: [3, 7, 14, 35]
  Region 29: [6, 9, 15]
  Region 30: [5, 9, 12, 18, 21]
  Region 31: [11, 21, 32]
  Region 32: [11, 26, 27, 31, 33, 34]
  Region 33: [13, 24, 26, 27, 32]
  Region 34: [3, 7, 11, 27, 32]
  Region 35: [3, 12, 14, 21, 28, 36]
  Region 36: [4, 12, 14, 35, 37]
  Region 37: [8, 14, 17, 20, 22, 25, 36]
  Region 38: [1, 16, 17, 23]


===== Round 8 (42 regions) =====

--- Regions (id: cells) ---
  Region  0: [(3,8), (4,5), (4,6), (4,7), (4,8), (4,9), (4,10)]
  Region  1: [(9,7), (9,8), (10,8), (10,9), (10,10), (10,11), (11,8), (11,9), (11,10), (11,11)]
  Region  2: [(8,4), (9,3), (9,4), (9,5), (9,6)]
  Region  3: [(4,13), (4,14), (4,15), (4,16)]
  Region  4: [(9,0), (9,1), (9,2), (10,0), (10,1), (10,2)]
  Region  5: [(4,0), (5,0), (5,1), (6,0), (6,1), (6,2), (7,0), (7,1)]
  Region  6: [(1,19), (2,18), (2,19), (3,19), (4,19)]
  Region  7: [(5,8), (5,9), (5,10), (5,11), (6,8), (6,9), (6,10), (6,11), (7,10)]
  Region  8: [(4,4), (5,3), (5,4), (6,3), (6,4)]
  Region  9: [(1,2), (2,2), (3,0), (3,1), (3,2)]
  Region 10: [(7,17), (7,18), (8,17), (8,18)]
  Region 11: [(6,5), (7,5), (7,6), (8,5), (8,6), (8,7)]
  Region 12: [(5,5), (5,6), (5,7), (6,6)]
  Region 13: [(2,4), (2,5), (3,4), (3,5)]
  Region 14: [(1,0), (1,1), (2,0), (2,1)]
  Region 15: [(0,5), (0,6), (0,7), (0,8), (0,9), (0,10), (1,6), (1,7), (1,8)]
  Region 16: [(5,12), (5,13), (6,12), (6,13), (6,14), (7,12), (7,13), (7,14), (8,13), (8,14)]
  Region 17: [(0,0), (0,1), (0,2)]
  Region 18: [(6,7), (7,7), (7,8), (7,9), (8,8), (8,9), (9,9), (9,10)]
  Region 19: [(3,17), (3,18), (4,17), (4,18)]
  Region 20: [(7,11), (8,10), (8,11), (8,12), (9,11), (9,12), (10,12), (10,13), (10,14), (11,12), (11,13)]
  Region 21: [(5,17), (5,18), (5,19), (6,17), (6,18)]
  Region 22: [(0,15), (0,16), (0,17), (1,16)]
  Region 23: [(10,7), (11,4), (11,5), (11,6), (11,7)]
  Region 24: [(3,3), (4,1), (4,2), (4,3), (5,2)]
  Region 25: [(0,11), (0,12), (0,13), (1,9), (1,10), (1,11), (1,12), (1,13)]
  Region 26: [(11,0), (11,1), (11,2), (11,3)]
  Region 27: [(2,11), (2,12), (2,13), (2,14), (3,13), (3,14), (3,15)]
  Region 28: [(2,6), (2,7), (2,8), (2,9), (3,6), (3,7), (3,9)]
  Region 29: [(1,3), (1,4), (1,5), (2,3)]
  Region 30: [(5,14), (5,15), (6,15), (7,15), (8,15), (9,13), (9,14), (9,15), (10,15)]
  Region 31: [(2,10), (3,10), (3,11), (3,12), (4,11), (4,12)]
  Region 32: [(2,15), (2,16), (2,17), (3,16)]
  Region 33: [(5,16), (6,16), (7,16), (8,16), (9,16), (10,16), (11,14), (11,15), (11,16), (11,17)]
  Region 34: [(0,18), (1,17), (1,18)]
  Region 35: [(0,3), (0,4)]
  Region 36: [(7,2), (7,3), (7,4), (8,0), (8,1), (8,2), (8,3)]
  Region 37: [(0,14), (1,14), (1,15)]
  Region 38: [(10,3), (10,4), (10,5), (10,6)]
  Region 39: [(9,17), (9,18), (10,17), (10,18), (10,19), (11,18), (11,19)]
  Region 40: [(0,19)]
  Region 41: [(6,19), (7,19), (8,19), (9,19)]

--- Adjacency ---
  Region  0: [7, 8, 12, 13, 28, 31]
  Region  1: [2, 11, 18, 20, 23]
  Region  2: [1, 4, 11, 36, 38]
  Region  3: [16, 19, 27, 30, 31, 32, 33]
  Region  4: [2, 26, 36, 38]
  Region  5: [8, 9, 24, 36]
  Region  6: [19, 21, 32, 34, 40]
  Region  7: [0, 12, 16, 18, 20, 31]
  Region  8: [0, 5, 11, 12, 13, 24, 36]
  Region  9: [5, 14, 17, 24, 29]
  Region 10: [21, 33, 39, 41]
  Region 11: [1, 2, 8, 12, 18, 36]
  Region 12: [0, 7, 8, 11, 18]
  Region 13: [0, 8, 24, 28, 29]
  Region 14: [9, 17]
  Region 15: [25, 28, 29, 35]
  Region 16: [3, 7, 20, 30, 31]
  Region 17: [9, 14, 35]
  Region 18: [1, 7, 11, 12, 20]
  Region 19: [3, 6, 21, 32]
  Region 20: [1, 7, 16, 18, 30, 33]
  Region 21: [6, 10, 19, 33, 41]
  Region 22: [32, 34, 37]
  Region 23: [1, 26, 38]
  Region 24: [5, 8, 9, 13, 29]
  Region 25: [15, 27, 28, 31, 37]
  Region 26: [4, 23, 38]
  Region 27: [3, 25, 31, 32, 37]
  Region 28: [0, 13, 15, 25, 31]
  Region 29: [9, 13, 15, 24, 35]
  Region 30: [3, 16, 20, 33]
  Region 31: [0, 3, 7, 16, 25, 27, 28]
  Region 32: [3, 6, 19, 22, 27, 34, 37]
  Region 33: [3, 10, 20, 21, 30, 39]
  Region 34: [6, 22, 32, 40]
  Region 35: [15, 17, 29]
  Region 36: [2, 4, 5, 8, 11]
  Region 37: [22, 25, 27, 32]
  Region 38: [2, 4, 23, 26]
  Region 39: [10, 33, 41]
  Region 40: [6, 34]
  Region 41: [10, 21, 39]


===== Round 9 (45 regions) =====

--- Regions (id: cells) ---
  Region  0: [(2,5), (2,6), (2,7), (2,8), (3,6)]
  Region  1: [(3,18), (4,18), (4,19), (5,18), (5,19), (6,18), (6,19), (7,18), (7,19), (8,18), (8,19), (9,19), (10,19), (11,19)]
  Region  2: [(4,12), (4,13), (5,12), (5,13), (6,13), (6,14)]
  Region  3: [(4,11), (5,11), (6,11), (6,12), (7,11)]
  Region  4: [(0,6), (0,7), (1,7), (1,8)]
  Region  5: [(9,4), (10,2), (10,3), (10,4), (11,2), (11,3)]
  Region  6: [(5,9), (6,9), (7,9), (7,10), (8,9)]
  Region  7: [(9,1), (10,0), (10,1), (11,0), (11,1)]
  Region  8: [(6,2), (7,1), (7,2), (7,3), (7,4)]
  Region  9: [(8,15), (9,15), (10,14), (10,15), (11,14), (11,15)]
  Region 10: [(2,13), (2,14), (3,13), (3,14), (3,15)]
  Region 11: [(1,15), (1,16), (2,15), (2,16), (3,16)]
  Region 12: [(10,5), (10,6), (11,4), (11,5), (11,6), (11,7)]
  Region 13: [(4,9), (4,10), (5,10), (6,10)]
  Region 14: [(9,8), (9,9), (10,8), (10,9), (11,8), (11,9)]
  Region 15: [(2,3), (3,1), (3,2), (3,3), (3,4)]
  Region 16: [(0,12), (0,13), (1,13), (1,14)]
  Region 17: [(7,15), (7,16), (7,17), (8,16), (8,17), (9,16), (9,17), (9,18), (10,16), (10,17), (10,18), (11,16), (11,17), (11,18)]
  Region 18: [(5,8), (6,7), (6,8), (7,8), (8,7), (8,8)]
  Region 19: [(5,3), (5,4), (6,3)]
  Region 20: [(1,11), (1,12), (2,12), (3,12)]
  Region 21: [(7,14), (8,14), (9,13), (9,14), (10,13), (11,13)]
  Region 22: [(5,5), (6,4), (6,5), (6,6), (7,5)]
  Region 23: [(0,0), (0,1), (1,0), (1,1), (2,0), (2,1)]
  Region 24: [(7,12), (7,13), (8,11), (8,12), (8,13)]
  Region 25: [(8,2), (8,3), (9,2), (9,3)]
  Region 26: [(6,0), (6,1), (7,0)]
  Region 27: [(7,6), (7,7), (8,4), (8,5), (8,6)]
  Region 28: [(0,3), (0,4), (1,4), (2,4)]
  Region 29: [(9,5), (9,6), (9,7), (10,7)]
  Region 30: [(3,0), (4,0), (5,0), (5,1), (5,2)]
  Region 31: [(0,2), (1,2), (1,3), (2,2)]
  Region 32: [(4,1), (4,2), (4,3), (4,4)]
  Region 33: [(1,9), (1,10), (2,10), (2,11)]
  Region 34: [(1,17), (1,18), (2,17), (2,18), (3,17), (4,17), (5,17), (6,16), (6,17)]
  Region 35: [(3,7), (3,8), (4,7), (4,8), (5,7)]
  Region 36: [(0,14), (0,15), (0,16), (0,17), (0,18), (0,19), (1,19), (2,19), (3,19)]
  Region 37: [(0,5), (1,5), (1,6)]
  Region 38: [(10,10), (10,11), (11,10), (11,11), (11,12)]
  Region 39: [(4,14), (4,15), (4,16), (5,14), (5,15), (5,16), (6,15)]
  Region 40: [(8,10), (9,10), (9,11), (9,12), (10,12)]
  Region 41: [(0,8), (0,9), (0,10), (0,11)]
  Region 42: [(2,9), (3,9), (3,10), (3,11)]
  Region 43: [(3,5), (4,5), (4,6), (5,6)]
  Region 44: [(8,0), (8,1), (9,0)]

--- Adjacency ---
  Region  0: [4, 28, 35, 37, 42, 43]
  Region  1: [17, 34, 36]
  Region  2: [3, 10, 20, 21, 24, 39]
  Region  3: [2, 6, 13, 24, 42]
  Region  4: [0, 33, 37, 41]
  Region  5: [7, 12, 25, 27, 29]
  Region  6: [3, 13, 14, 18, 40]
  Region  7: [5, 25, 44]
  Region  8: [19, 22, 25, 26, 27, 30, 44]
  Region  9: [17, 21]
  Region 10: [2, 11, 16, 20, 39]
  Region 11: [10, 16, 34, 36, 39]
  Region 12: [5, 14, 29]
  Region 13: [3, 6, 35, 42]
  Region 14: [6, 12, 18, 29, 38, 40]
  Region 15: [23, 28, 30, 31, 32, 43]
  Region 16: [10, 11, 20, 36, 41]
  Region 17: [1, 9, 21, 34, 39]
  Region 18: [6, 14, 22, 27, 29, 35]
  Region 19: [8, 22, 30, 32]
  Region 20: [2, 10, 16, 33, 41, 42]
  Region 21: [2, 9, 17, 24, 38, 40]
  Region 22: [8, 18, 19, 27, 43]
  Region 23: [15, 30, 31]
  Region 24: [2, 3, 21, 40]
  Region 25: [5, 7, 8, 27, 44]
  Region 26: [8, 30, 44]
  Region 27: [5, 8, 18, 22, 25, 29]
  Region 28: [0, 15, 31, 37]
  Region 29: [5, 12, 14, 18, 27]
  Region 30: [8, 15, 19, 23, 26, 32]
  Region 31: [15, 23, 28]
  Region 32: [15, 19, 30, 43]
  Region 33: [4, 20, 41, 42]
  Region 34: [1, 11, 17, 36, 39]
  Region 35: [0, 13, 18, 42, 43]
  Region 36: [1, 11, 16, 34]
  Region 37: [0, 4, 28]
  Region 38: [14, 21, 40]
  Region 39: [2, 10, 11, 17, 34]
  Region 40: [6, 14, 21, 24, 38]
  Region 41: [4, 16, 20, 33]
  Region 42: [0, 3, 13, 20, 33, 35]
  Region 43: [0, 15, 22, 32, 35]
  Region 44: [7, 8, 25, 26]


